package com.qq.guarder;

import android.util.Log;

public class Predict {
	  static double[][] sigma = new double[][] {{0.254022, -0.0423059, 0.069039, 0.0165468, -0.0160301, 
	      0.0108146, -0.0066218, 0.0350738, 0.0281764, 0.025294, -0.0734091, 
	      0.00394175, 0.030797, -0.0477766, 
	      0.0276912, -0.00629544, -0.0333817, -0.185179, 0.10867, 
	      0.0411746}, {-0.0423059, 0.149015, -0.0576416, 
	      0.0116156, -0.00314556, 0.050362, -0.0306991, 0.00992964, 
	      0.000250495, 0.0031763, 0.017966, -0.0261896, -0.0167302, -0.053228,
	       0.0600622, 0.0468209, -0.166953, 
	      0.111906, -0.0133524, -0.0964068}, {0.069039, -0.0576416, 
	      0.161023, -0.0265349, 0.0232499, -0.0475035, 0.0425013, 0.00186372, 
	      0.0250835, 0.0187738, 
	      0.0106006, -0.0472808, -0.0117887, -0.00237609, -0.0679583, 
	    -0.0319862, 0.0962643, -0.242071, -0.0178539, 0.124996}, {0.0165468, 
	      0.0116156, -0.0265349, 0.133295, -0.0320707, 0.0333142, -0.0012796, 
	      0.00804016, 0.0039846, -0.0137886, -0.0491277, 
	      0.0182664, -0.00934902, -0.0512252, 0.0488473, 0.0385399, -0.012813,
	       0.122399, 0.0314849, -0.198664}, {-0.0160301, -0.00314556, 
	      0.0232499, -0.0320707, 0.100268, -0.0244526, 
	      0.023599, -0.0306346, -0.0114586, -0.023064, 0.057137, 0.0239662, 
	      0.00510771, 0.0214556, -0.0928102, -0.0282735, 0.151569, 
	      0.103561, -0.141886, 0.064282}, {0.0108146, 0.050362, -0.0475035, 
	      0.0333142, -0.0244526, 0.106398, -0.0346649, 
	      0.0157561, -0.00826993, -0.0171632, -0.0397188, -0.00103039, 
	      0.0130986, -0.0514401, 0.107246, 0.0202279, -0.219808, 0.128638, 
	      0.0593371, -0.109426}, {-0.0066218, -0.0306991, 
	      0.0425013, -0.0012796, 0.023599, -0.0346649, 
	      0.100404, -0.0415761, -0.0035933, 0.00453834, 0.0405156, 0.0457173, 
	      0.0566883, 0.0521988, -0.133764, -0.0628775, 0.314176, 
	      0.033009, -0.0734294, 0.100738}, {0.0350738, 0.00992964, 0.00186372,
	       0.00804016, -0.0306346, 0.0157561, -0.0415761, 0.0771037, 
	      0.0334411, 
	      0.0116451, -0.0356276, -0.0251359, -0.0261108, -0.0125412, 
	      0.0876978, -0.0408365, -0.18823, -0.155399, 
	      0.090247, -0.0973708}, {0.0281764, 0.000250495, 0.0250835, 
	      0.0039846, -0.0114586, -0.00826993, -0.0035933, 0.0334411, 
	      0.0875594, 0.0280616, -0.0108387, -0.020576, -0.0262101, 0.00853808,
	       0.0272051, -0.0168794, 0.0254861, -0.173229, 
	      0.0237676, -0.0577236}, {0.025294, 0.0031763, 
	      0.0187738, -0.0137886, -0.023064, -0.0171632, 0.00453834, 0.0116451,
	       0.0280616, 0.112966, -0.00529157, 0.0137275, 0.0205861, 0.0549373, 
	      0.00562096, 0.0429454, 0.0598273, -0.206659, 0.0283918, 
	      0.0645425}, {-0.0734091, 0.017966, 0.0106006, -0.0491277, 
	      0.057137, -0.0397188, 
	      0.0405156, -0.0356276, -0.0108387, -0.00529157, 
	      0.147119, -0.0144079, -0.00878308, 0.0369594, -0.116604, -0.0228457,
	       0.142356, 0.0136047, -0.169776, 
	      0.158834}, {0.00394175, -0.0261896, -0.0472808, 0.0182664, 
	      0.0239662, -0.00103039, 0.0457173, -0.0251359, -0.020576, 
	      0.0137275, -0.0144079, 0.364439, 0.16155, 
	      0.0387252, -0.198856, -0.0577425, 0.474297, 0.387858, -0.203643, 
	      0.0370816}, {0.030797, -0.0167302, -0.0117887, -0.00934902, 
	      0.00510771, 0.0130986, 0.0566883, -0.0261108, -0.0262101, 
	      0.0205861, -0.00878308, 0.16155, 0.299453, 
	      0.0211283, -0.171403, -0.0160396, 0.21482, 0.162116, -0.0860169, 
	      0.202434}, {-0.0477766, -0.053228, -0.00237609, -0.0512252, 
	      0.0214556, -0.0514401, 0.0521988, -0.0125412, 0.00853808, 0.0549373,
	       0.0369594, 0.0387252, 0.0211283, 0.450816, -0.0236435, -0.173231, 
	      0.376506, -0.0839419, 0.021127, 0.0837202}, {0.0276912, 
	      0.0600622, -0.0679583, 0.0488473, -0.0928102, 0.107246, -0.133764, 
	      0.0876978, 0.0272051, 
	      0.00562096, -0.116604, -0.198856, -0.171403, -0.0236435, 0.765932, 
	      0.255721, -0.835626, -0.4408, 0.379112, -0.310714}, {-0.00629544, 
	      0.0468209, -0.0319862, 0.0385399, -0.0282735, 
	      0.0202279, -0.0628775, -0.0408365, -0.0168794, 
	      0.0429454, -0.0228457, -0.0577425, -0.0160396, -0.173231, 0.255721, 
	      0.913425, -0.446259, -0.0932212, 
	      0.0527593, -0.0351354}, {-0.0333817, -0.166953, 
	      0.0962643, -0.012813, 0.151569, -0.219808, 0.314176, -0.18823, 
	      0.0254861, 0.0598273, 0.142356, 0.474297, 0.21482, 
	      0.376506, -0.835626, -0.446259, 2.68719, 0.399088, -0.599483, 
	      0.502357}, {-0.185179, 0.111906, -0.242071, 0.122399, 0.103561, 
	      0.128638, 0.033009, -0.155399, -0.173229, -0.206659, 0.0136047, 
	      0.387858, 0.162116, -0.0839419, -0.4408, -0.0932212, 0.399088, 
	      2.79334, -0.456052, -0.344283}, {0.10867, -0.0133524, -0.0178539, 
	      0.0314849, -0.141886, 0.0593371, -0.0734294, 0.090247, 0.0237676, 
	      0.0283918, -0.169776, -0.203643, -0.0860169, 0.021127, 0.379112, 
	      0.0527593, -0.599483, -0.456052, 
	      1.43026, -0.0843735}, {0.0411746, -0.0964068, 0.124996, -0.198664, 
	      0.064282, -0.109426, 0.100738, -0.0973708, -0.0577236, 0.0645425, 
	      0.158834, 0.0370816, 0.202434, 0.0837202, -0.310714, -0.0351354, 
	      0.502357, -0.344283, -0.0843735, 1.84334}};
	  static double[] mean = new double[] {11.5641, 11.7374, 11.8865, 9.77836, 11.979, 14.503, 13.7413, 25.8945, 13.7141, 13.1294, 11.2294, 10.9405, 10.934, 9.60658, 10.6087, 10.2078, 10.1516, 10.0698, 9.94769, 9.70865};
	  static double KEY = 26;//27.25;
	  public static boolean predict(double[] x){
	    double[] temp = new double[20];
	    for(int i=0; i<20; i++){
	      temp[i] = 0;
	      for(int j=0; j<20; j++){
	        temp[i] += sigma[i][j]*(x[j]-mean[j]);
	      }
	    }

	    double result = 0;
	    for(int i=0; i<20; i++)
	      result += temp[i]*(x[i]-mean[i]);
	    System.out.println(result);
	    if(result<KEY) return true;
	    return false;
	  }
}
